569
1145 1226 0 165 51 148
1145 1226 10 164 52 279
1145 1226 20 163 54 324
1122 1227 30 161 55 381
1122 1227 40 160 55 423
1122 1232 50 157 57 433
1138 1255 60 157 58 447
1161 1293 70 157 58 464
1200 1349 80 155 58 481
1236 1415 90 155 58 491
1269 1489 100 155 58 504
1284 1550 110 154 57 520
1284 1610 120 154 57 553
1279 1644 130 153 56 600
1267 1662 140 154 55 639
1260 1662 150 153 55 650
1260 1662 160 153 54 655
1260 1650 170 153 54 652
1248 1577 180 153 53 653
1234 1464 190 152 54 652
1242 1346 200 153 54 655
1254 1222 210 153 54 658
1254 1113 220 153 55 655
1249 1018 230 153 56 641
1249 950 240 154 57 631
1243 910 250 155 58 617
1243 888 260 154 58 613
1243 888 270 156 59 614
1237 888 280 156 59 613
1237 900 290 157 59 578
1229 932 300 157 59 488
1220 976 310 158 58 305
1220 1027 320 157 59 63
1220 1027 330 157 59 0
1236 1086 340 156 59 0
1256 1096 350 156 59 0
1285 1106 360 156 59 0
1326 1116 370 156 59 0
1373 1129 380 157 59 0
1421 1151 390 157 59 0
1470 1177 400 158 58 0
1502 1212 410 160 58 0
1523 1236 420 160 58 0
1523 1254 430 161 57 0
1523 1254 440 161 57 161
1489 1277 450 160 58 289
1449 1289 460 160 58 373
1413 1301 470 160 58 428
1384 1301 480 157 59 496
1364 1283 490 156 59 501
1348 1269 500 155 60 509
1348 1238 510 153 59 509
1348 1196 520 153 59 502
1359 1152 530 151 60 465
1376 1121 540 151 60 415
1405 1100 550 151 60 371
1432 1094 560 151 60 344
1458 1103 570 152 60 320
1478 1121 580 152 60 319
1490 1155 590 152 60 344
1497 1192 600 154 60 363
1491 1232 610 154 60 391
1486 1265 620 154 60 446
1486 1293 630 154 60 478
1478 1302 640 154 60 492
1478 1302 650 154 60 499
1478 1302 660 154 60 504
1478 1291 670 154 60 514
1483 1272 680 154 60 510
1490 1242 690 153 61 504
1497 1206 700 153 61 501
1505 1168 710 153 61 469
1515 1143 720 153 61 412
1527 1128 730 153 61 322
1542 1120 740 153 61 275
1557 1120 750 155 62 253
1575 1134 760 155 62 247
1593 1162 770 155 62 251
1606 1193 780 155 63 254
1615 1226 790 154 63 275
1622 1252 800 154 63 312
1629 1276 810 152 62 334
1639 1291 820 150 62 359
1645 1291 830 147 61 371
1645 1291 840 145 60 366
1651 1291 850 142 59 388
1651 1269 860 141 59 423
1656 1235 870 139 58 418
1656 1195 880 138 58 430
1656 1156 890 138 58 404
1672 1121 900 136 58 354
1695 1105 910 138 59 294
1721 1099 920 138 59 235
1748 1114 930 138 59 185
1777 1143 940 139 60 185
1797 1181 950 139 60 203
1810 1223 960 139 60 249
1816 1264 970 139 60 304
1816 1301 980 141 60 389
1806 1333 990 141 60 441
1806 1357 1000 141 60 486
1796 1367 1010 141 60 520
1790 1367 1020 142 59 518
1785 1367 1030 142 59 519
1777 1347 1040 142 59 519
1767 1310 1050 141 59 518
1767 1274 1060 141 59 519
1776 1229 1070 141 59 512
1789 1177 1080 139 60 510
1805 1137 1090 139 60 477
1822 1108 1100 139 60 470
1840 1087 1110 138 60 465
1849 1074 1120 138 60 464
1849 1069 1130 138 60 465
1849 1069 1140 138 60 486
1843 1063 1150 138 60 505
1829 1054 1160 138 60 510
1806 1040 1170 138 60 513
1789 1027 1180 138 60 520
1784 1027 1190 138 60 493
1784 1027 1200 138 60 488
1784 1027 1210 138 60 491
1784 1027 1220 138 60 495
1784 1027 1230 138 60 496
1784 1027 1240 138 60 495
1793 1021 1250 138 60 486
1806 1014 1260 138 60 477
1828 1014 1270 138 60 468
1862 1022 1280 138 60 443
1894 1038 1290 136 61 449
1923 1055 1300 136 61 439
1948 1073 1310 136 61 445
1968 1099 1320 136 61 470
1984 1129 1330 135 60 481
2000 1186 1340 135 60 488
2017 1243 1350 135 60 527
2023 1275 1360 135 60 560
2023 1291 1370 135 60 616
2016 1291 1380 135 60 652
2004 1280 1390 134 60 659
1988 1268 1400 134 60 659
1961 1235 1410 134 60 662
1935 1187 1420 134 60 659
1925 1130 1430 134 60 650
1925 1095 1440 132 60 600
1942 1079 1450 132 60 448
1980 1079 1460 132 60 78
1980 1079 1470 132 60 0
2096 1123 1480 132 60 0
2141 1150 1490 132 60 0
2172 1173 1500 134 60 0
2214 1206 1510 135 59 0
2278 1247 1520 136 58 0
2356 1292 1530 139 57 0
2401 1336 1540 142 57 0
2447 1358 1550 145 56 0
2493 1365 1560 149 55 0
2493 1365 1570 151 54 0
2488 1365 1580 154 53 0
2469 1348 1590 158 53 0
2434 1337 1600 160 52 0
2401 1330 1610 160 52 0
2367 1330 1620 160 52 0
2362 1336 1630 160 52 0
2380 1353 1640 158 53 0
2380 1376 1650 156 53 0
2380 1398 1660 154 53 0
2390 1419 1670 153 53 0
2411 1438 1680 152 54 0
2438 1459 1690 151 53 0
2438 1459 1700 150 54 67
2455 1499 1710 150 54 134
2455 1515 1720 149 55 251
2445 1526 1730 147 55 371
2432 1533 1740 147 55 481
2416 1533 1750 147 55 541
2416 1533 1760 147 55 556
2410 1519 1770 147 55 585
2400 1469 1780 146 55 624
2385 1394 1790 146 55 653
2390 1316 1800 145 56 659
2401 1239 1810 144 57 662
2420 1159 1820 143 57 664
2443 1103 1830 142 58 662
2456 1064 1840 141 59 659
2461 1040 1850 139 60 650
2461 1033 1860 139 60 655
2461 1038 1870 139 61 647
2461 1045 1880 139 61 630
2450 1069 1890 139 61 564
2443 1104 1900 139 61 519
2443 1152 1910 139 61 504
2443 1200 1920 139 61 477
2452 1247 1930 139 61 472
2452 1282 1940 139 61 467
2458 1312 1950 139 61 472
2458 1332 1960 139 61 481
2464 1346 1970 139 61 483
2472 1357 1980 141 60 486
2482 1372 1990 141 60 488
2498 1382 2000 142 59 491
2515 1387 2010 142 59 491
2537 1401 2020 142 59 496
2548 1418 2030 143 59 504
2553 1437 2040 143 59 530
2560 1458 2050 143 59 567
2560 1473 2060 144 58 595
2553 1482 2070 144 58 611
2553 1489 2080 144 58 638
2547 1489 2090 144 58 636
2547 1489 2100 144 58 656
2547 1444 2110 144 58 665
2547 1380 2120 144 58 673
2552 1305 2130 144 58 681
2552 1228 2140 143 59 687
2547 1162 2150 142 59 685
2542 1103 2160 142 59 682
2542 1068 2170 141 60 652
2553 1051 2180 141 61 603
2569 1046 2190 141 61 496
2589 1055 2200 140 62 312
2610 1074 2210 140 62 51
2610 1074 2220 140 62 0
2619 1118 2230 141 63 0
2619 1136 2240 141 63 0
2619 1153 2250 141 63 0
2628 1168 2260 143 63 0
2644 1181 2270 144 62 0
2662 1186 2280 144 62 0
2676 1181 2290 146 62 0
2681 1169 2300 144 61 0
2681 1155 2310 145 60 0
2681 1155 2320 142 61 211
2681 1155 2330 141 60 282
2681 1155 2340 141 60 316
2681 1155 2350 138 60 345
2681 1155 2360 136 60 343
2710 1164 2370 135 60 341
2742 1183 2380 134 61 340
2755 1204 2390 134 61 337
2762 1225 2400 135 62 339
2762 1245 2410 135 62 363
2757 1254 2420 135 62 377
2743 1263 2430 135 62 471
2724 1263 2440 135 62 524
2709 1263 2450 135 62 537
2693 1253 2460 135 62 570
2676 1232 2470 135 62 595
2666 1197 2480 134 61 613
2659 1159 2490 135 62 616
2659 1127 2500 135 62 616
2667 1100 2510 133 62 597
2683 1076 2520 133 62 544
2708 1064 2530 133 62 374
2739 1064 2540 133 62 182
2772 1069 2550 133 62 54
2772 1069 2560 133 62 0
2816 1099 2570 133 62 0
2823 1121 2580 133 62 0
2823 1121 2590 133 62 70
2823 1176 2600 133 62 181
2823 1203 2610 133 62 255
2823 1229 2620 133 62 337
2818 1249 2630 133 62 391
2818 1256 2640 133 62 443
2818 1256 2650 133 62 464
2818 1256 2660 133 62 498
2823 1230 2670 133 62 521
2823 1191 2680 133 62 526
2823 1148 2690 133 62 530
2823 1113 2700 133 62 515
2828 1083 2710 133 62 495
2838 1065 2720 133 62 473
2845 1057 2730 133 62 458
2850 1057 2740 133 62 466
2850 1065 2750 133 62 470
2850 1087 2760 133 62 493
2845 1118 2770 133 62 492
2836 1161 2780 133 62 516
2836 1200 2790 133 62 521
2847 1230 2800 133 62 469
2861 1253 2810 133 62 277
2861 1253 2820 133 62 0
2893 1261 2830 133 62 0
2906 1252 2840 133 62 0
2916 1244 2850 133 62 0
2933 1232 2860 133 62 0
2950 1219 2870 134 61 0
2967 1210 2880 135 60 0
2975 1204 2890 134 60 0
2975 1210 2900 134 60 0
2975 1220 2910 135 59 0
2975 1220 2920 134 58 175
2970 1248 2930 134 60 351
2962 1261 2940 134 60 509
2957 1273 2950 134 60 589
2957 1273 2960 134 61 609
2957 1273 2970 132 61 616
2957 1273 2980 132 61 620
2957 1229 2990 130 62 620
2957 1178 3000 130 62 603
2970 1140 3010 130 62 577
2986 1113 3020 130 62 537
3003 1093 3030 130 62 463
3017 1083 3040 130 62 417
3029 1083 3050 130 62 379
3040 1093 3060 130 62 368
3048 1110 3070 130 62 369
3055 1138 3080 130 62 379
3061 1173 3090 130 62 404
3068 1213 3100 130 62 458
3077 1250 3110 130 62 520
3087 1286 3120 130 62 543
3092 1306 3130 130 62 588
3092 1311 3140 130 62 614
3092 1311 3150 130 62 628
3092 1304 3160 130 62 652
3092 1281 3170 130 62 668
3092 1244 3180 130 62 669
3077 1199 3190 130 62 669
3077 1156 3200 130 62 653
3084 1125 3210 129 61 570
3102 1101 3220 127 62 387
3131 1093 3230 129 63 122
3131 1093 3240 129 63 0
3198 1104 3250 129 63 0
3216 1116 3260 129 63 0
3226 1130 3270 130 63 0
3238 1150 3280 130 63 0
3248 1173 3290 130 63 0
3255 1200 3300 130 63 0
3255 1200 3310 130 63 139
3255 1239 3320 132 63 257
3255 1252 3330 132 63 374
3244 1259 3340 132 63 499
3233 1259 3350 130 63 580
3233 1259 3360 130 63 656
3233 1259 3370 130 63 690
3206 1259 3380 130 63 705
3187 1227 3390 130 63 722
3160 1184 3400 130 63 725
3160 1151 3410 130 63 716
3160 1121 3420 130 63 672
3176 1092 3430 130 63 627
3197 1078 3440 130 63 501
3225 1078 3450 130 63 425
3248 1078 3460 130 63 388
3267 1097 3470 130 63 391
3278 1117 3480 130 63 402
3285 1141 3490 130 63 418
3285 1178 3500 130 63 491
3294 1212 3510 130 63 535
3294 1239 3520 129 64 591
3294 1257 3530 129 64 637
3294 1262 3540 129 64 678
3294 1262 3550 129 64 691
3294 1256 3560 129 64 690
3294 1245 3570 129 64 694
3294 1215 3580 129 64 691
3294 1176 3590 129 64 700
3294 1141 3600 129 64 664
3299 1117 3610 129 64 614
3312 1101 3620 129 64 524
3330 1092 3630 127 64 477
3350 1092 3640 127 64 430
3369 1101 3650 127 64 422
3382 1113 3660 127 64 425
3391 1132 3670 128 65 438
3399 1157 3680 128 65 486
3399 1188 3690 128 65 518
3399 1217 3700 128 65 586
3399 1239 3710 128 65 631
3394 1247 3720 128 65 665
3394 1247 3730 128 65 676
3394 1247 3740 128 65 676
3394 1238 3750 128 65 682
3394 1207 3760 128 65 684
3394 1160 3770 128 65 682
3400 1123 3780 128 65 638
3413 1098 3790 128 65 510
3437 1080 3800 128 65 371
3468 1075 3810 128 65 272
3501 1086 3820 128 65 274
3520 1109 3830 128 65 319
3530 1140 3840 128 65 455
3530 1180 3850 130 66 605
3530 1226 3860 130 66 707
3530 1249 3870 130 66 790
3530 1257 3880 130 66 824
3530 1257 3890 130 66 817
3530 1250 3900 130 66 819
3530 1243 3910 128 66 819
3530 1218 3920 128 66 827
3536 1182 3930 128 66 779
3536 1154 3940 128 66 670
3548 1133 3950 128 66 402
3548 1133 3960 128 66 0
3558 1117 3970 130 67 0
3558 1117 3980 130 67 0
3546 1131 3990 131 67 0
3526 1154 4000 131 67 0
3501 1180 4010 133 66 0
3487 1207 4020 135 65 0
3472 1241 4030 138 64 0
3455 1278 4040 140 63 0
3434 1317 4050 143 62 0
3414 1349 4060 144 61 0
3414 1349 4070 145 60 289
3370 1397 4080 144 60 364
3340 1417 4090 144 60 371
3334 1437 4100 142 59 361
3334 1445 4110 141 60 265
3334 1445 4120 139 61 0
3398 1465 4130 136 61 0
3448 1465 4140 136 61 0
3489 1470 4150 136 61 0
3528 1470 4160 138 61 0
3569 1470 4170 139 61 0
3613 1470 4180 142 61 0
3661 1461 4190 145 60 0
3687 1455 4200 147 59 0
3698 1455 4210 149 58 0
3698 1463 4220 148 57 0
3704 1473 4230 148 57 0
3704 1482 4240 148 56 0
3704 1489 4250 145 56 0
3704 1489 4260 144 56 216
3704 1489 4270 143 56 345
3664 1507 4280 142 57 415
3664 1507 4290 140 58 433
3664 1507 4300 141 59 447
3664 1480 4310 141 60 456
3675 1442 4320 141 61 466
3686 1396 4330 140 62 466
3704 1349 4340 140 63 469
3720 1302 4350 137 63 466
3734 1266 4360 137 63 465
3746 1237 4370 133 63 468
3752 1219 4380 130 63 466
3752 1213 4390 127 63 468
3752 1213 4400 127 63 468
3752 1218 4410 124 63 460
3752 1230 4420 124 63 440
3744 1248 4430 124 63 418
3733 1266 4440 123 62 425
3721 1285 4450 123 62 422
3709 1302 4460 124 63 448
3688 1312 4470 124 63 466
3662 1312 4480 127 63 520
3662 1312 4490 127 63 521
3621 1296 4500 129 64 536
3611 1276 4510 130 65 542
3611 1239 4520 130 65 543
3611 1191 4530 132 65 543
3622 1140 4540 131 67 538
3644 1107 4550 131 67 512
3672 1086 4560 131 67 475
3700 1079 4570 131 67 438
3731 1079 4580 131 67 396
3760 1091 4590 130 66 351
3791 1110 4600 130 66 342
3811 1133 4610 128 65 335
3824 1160 4620 128 65 339
3835 1191 4630 127 64 345
3846 1221 4640 127 64 344
3846 1247 4650 125 64 336
3846 1266 4660 125 64 359
3846 1276 4670 124 63 377
3835 1283 4680 124 63 396
3826 1283 4690 124 63 440
3826 1288 4700 124 63 442
3807 1283 4710 124 63 468
3782 1275 4720 124 63 475
3776 1268 4730 124 63 475
3771 1268 4740 124 63 475
3761 1259 4750 124 63 473
3748 1252 4760 124 63 475
3748 1245 4770 124 63 481
3748 1237 4780 124 63 486
3748 1222 4790 123 62 485
3748 1199 4800 123 62 486
3754 1170 4810 123 62 486
3768 1137 4820 123 62 486
3788 1114 4830 123 62 488
3805 1099 4840 123 62 486
3823 1091 4850 121 63 493
3841 1091 4860 122 63 496
3861 1091 4870 122 63 496
3880 1106 4880 122 63 488
3898 1118 4890 122 63 447
3912 1131 4900 122 63 430
3922 1150 4910 122 63 423
3930 1179 4920 122 63 427
3923 1214 4930 122 63 449
3911 1250 4940 122 63 469
3896 1284 4950 122 63 493
3896 1312 4960 122 63 518
3896 1335 4970 124 63 522
3918 1354 4980 124 63 512
3955 1369 4990 124 63 520
3990 1369 5000 124 63 502
4030 1369 5010 126 62 490
4056 1356 5020 126 62 469
4071 1340 5030 126 62 468
4063 1324 5040 127 62 477
4018 1294 5050 126 62 505
3949 1255 5060 126 62 545
3861 1208 5070 126 62 610
3751 1161 5080 127 63 724
3627 1114 5090 125 64 788
3518 1075 5100 125 64 812
3448 1046 5110 125 64 809
3405 1025 5120 125 64 759
3405 1025 5130 125 64 721
3412 1020 5140 125 64 716
3419 1020 5150 125 64 714
3428 1038 5160 125 64 716
3436 1070 5170 125 64 703
3408 1132 5180 125 64 697
3356 1218 5190 125 64 676
3269 1320 5200 125 64 664
3149 1417 5210 125 64 673
3008 1504 5220 127 63 672
2847 1550 5230 129 63 694
2660 1571 5240 132 61 762
2456 1571 5250 134 61 827
2334 1539 5260 136 60 827
2274 1480 5270 138 59 817
2256 1403 5280 139 58 817
2297 1305 5290 138 58 815
2402 1193 5300 138 58 805
2550 1091 5310 136 58 794
2765 1025 5320 135 59 785
2954 982 5330 134 60 785
3125 982 5340 131 61 776
3248 998 5350 130 62 767
3305 1031 5360 129 63 770
3318 1082 5370 127 63 773
3302 1162 5380 127 63 776
3256 1261 5390 127 63 784
3189 1352 5400 127 63 790
3096 1443 5410 127 63 784
2989 1499 5420 127 63 806
2872 1533 5430 129 63 830
2745 1525 5440 132 61 828
2678 1512 5450 134 61 815
2650 1491 5460 135 60 794
2667 1468 5470 136 60 793
2708 1418 5480 135 59 791
2765 1350 5490 135 59 791
2832 1265 5500 135 59 793
2878 1181 5510 134 60 797
2911 1101 5520 132 60 797
2918 1039 5530 131 61 797
2913 986 5540 129 61 800
2900 949 5550 127 62 800
2890 925 5560 127 62 800
2881 909 5570 127 62 800
2881 909 5580 127 62 803
2881 909 5590 127 62 808
2881 909 5600 127 62 805
2887 922 5610 129 61 805
2918 961 5620 129 61 805
2954 1019 5630 127 62 806
3026 1096 5640 127 62 806
3120 1174 5650 126 61 805
3213 1253 5660 124 62 787
3264 1276 5670 126 62 661
3287 1283 5680 126 62 54
